// Start Time: Unknown
// Update Rate: 100.0Hz
// Filter Profile: human (46.1)
// Firmware Version: 4.3.5
PacketCounter,SampleTimeFine,Acc_X,Acc_Y,Acc_Z,Gyr_X,Gyr_Y,Gyr_Z,Roll,Pitch,Yaw
06606,,9.365162,-2.230585,2.302547,-0.013962,0.040845,0.029717,-44.092455,-71.117611,-31.281529
06607,,9.374383,-2.286743,2.299628,-0.017499,0.039257,0.026931,-44.193280,-71.063131,-31.007708
06608,,9.369606,-2.243748,2.287286,-0.017099,0.042658,0.030766,-44.190270,-71.033319,-31.021248
06609,,9.350923,-2.234764,2.253856,-0.015538,0.035244,0.028233,-44.193683,-71.009205,-31.024336
06610,,9.313964,-2.298469,2.237112,-0.015575,0.037191,0.024240,-44.188393,-70.984245,-31.039370
06611,,9.309537,-2.254931,2.224140,-0.007346,0.028540,0.025411,-44.189034,-70.964845,-31.038393
06612,,9.357529,-2.320650,2.182547,-0.000311,0.020672,0.023005,-44.192674,-70.947165,-31.034730
06613,,9.409280,-2.273823,2.240967,0.005920,0.017975,0.018875,-44.191198,-70.935788,-31.026316
06614,,9.385452,-2.278878,2.235874,0.010180,0.013280,0.010442,-44.182434,-70.926162,-31.029417
06615,,9.392974,-2.261098,2.288236,0.015593,0.010740,-0.000383,-44.163929,-70.922788,-31.039374
06616,,9.369729,-2.264240,2.282609,0.017133,0.005299,-0.006882,-44.139817,-70.923357,-31.054500
06617,,9.402499,-2.263961,2.348892,0.013175,0.002279,-0.017485,-44.109244,-70.937211,-31.065154
06618,,9.362635,-2.253974,2.305702,0.013604,-0.002262,-0.012637,-44.089010,-70.943181,-31.078315
06619,,9.293580,-2.263934,2.285571,0.012410,-0.001483,-0.016220,-44.065924,-70.955541,-31.086477
06620,,9.309481,-2.251449,2.314375,0.008537,-0.004383,-0.011893,-44.051904,-70.962084,-31.096135
06621,,9.309850,-2.250049,2.314252,0.006953,-0.001998,-0.014349,-44.039796,-70.965777,-31.112239
06622,,9.350463,-2.256741,2.357625,0.004606,-0.003373,-0.015536,-44.022496,-70.973354,-31.127747
06623,,9.349201,-2.232393,2.349767,0.000315,0.003280,-0.011090,-44.008112,-70.979546,-31.137370
06624,,9.366608,-2.243085,2.386533,-0.010277,-0.000459,-0.021410,-43.988927,-70.988256,-31.163891
06625,,9.354600,-2.298407,2.373718,-0.006785,0.009057,-0.019645,-43.963031,-70.989535,-31.201108
06626,,9.354896,-2.296867,2.374040,-0.008308,0.001539,-0.017108,-43.945529,-70.995704,-31.224654
06627,,9.326022,-2.315130,2.397603,-0.005233,0.008624,-0.021179,-43.915780,-70.999834,-31.258179
06628,,9.329269,-2.251207,2.352187,-0.004035,0.001852,-0.020575,-43.891283,-71.007245,-31.286532
06629,,9.371301,-2.305719,2.330489,-0.014586,0.001165,-0.021944,-43.875814,-71.012895,-31.312163
06630,,9.351848,-2.353857,2.339390,-0.009134,0.001679,-0.023821,-43.850503,-71.021659,-31.344463
06631,,9.312373,-2.318578,2.368843,-0.010316,0.001476,-0.025414,-43.833570,-71.027478,-31.369794
06632,,9.343637,-2.319710,2.353524,-0.013834,0.004913,-0.023223,-43.807903,-71.034660,-31.405317
06633,,9.280924,-2.288617,2.376333,-0.018916,0.003760,-0.024475,-43.785300,-71.039010,-31.436448
06634,,9.329029,-2.327064,2.324770,-0.016964,0.006739,-0.022162,-43.760559,-71.045009,-31.472882
06635,,9.307946,-2.352478,2.325757,-0.023968,0.000649,-0.021745,-43.756300,-71.045022,-31.496084
06636,,9.323880,-2.340120,2.354184,-0.024361,0.002250,-0.020621,-43.742807,-71.052258,-31.525113
06637,,9.378194,-2.337979,2.345255,-0.025919,0.002673,-0.019095,-43.747607,-71.050727,-31.536995
06638,,9.355427,-2.340888,2.338092,-0.032949,0.003546,-0.017693,-43.741057,-71.056265,-31.563885
06639,,9.403676,-2.355233,2.358838,-0.041936,0.001431,-0.018615,-43.752105,-71.054668,-31.575383
06640,,9.409989,-2.338589,2.328292,-0.039197,0.006212,-0.013579,-43.751000,-71.057476,-31.600292
06641,,9.381065,-2.358306,2.350899,-0.043875,0.002467,-0.013979,-43.772541,-71.051153,-31.605971
06642,,9.382825,-2.381569,2.358067,-0.050888,0.007362,-0.005607,-43.786440,-71.050326,-31.622107
06643,,9.381159,-2.359303,2.349523,-0.048892,0.002391,-0.002296,-43.831101,-71.036888,-31.609817
06644,,9.381114,-2.360290,2.348711,-0.050865,0.005385,-0.001640,-43.852120,-71.035304,-31.618438
06645,,9.336441,-2.392413,2.342072,-0.050443,0.001814,0.001206,-43.904228,-71.020436,-31.597998
06646,,9.328625,-2.386947,2.363297,-0.045738,0.003588,0.005584,-43.933077,-71.016719,-31.595250
06647,,9.349932,-2.361420,2.361489,-0.038297,0.000138,0.005043,-43.985115,-70.998950,-31.568296
06648,,9.318970,-2.359888,2.376073,-0.032031,0.001496,0.007899,-44.011318,-70.995167,-31.560061
06649,,9.388123,-2.349469,2.395924,-0.026572,0.002033,0.006037,-44.067668,-70.977999,-31.514255
06650,,9.370867,-2.338220,2.358885,-0.029349,0.004210,0.001981,-44.082199,-70.975473,-31.516723
06651,,9.357002,-2.348568,2.410535,-0.032074,0.003444,0.003901,-44.126639,-70.958657,-31.485982
06652,,9.387718,-2.352361,2.394670,-0.029751,0.000802,-0.001888,-44.140635,-70.959075,-31.489240
06653,,9.387759,-2.352744,2.394135,-0.024290,0.001344,-0.003746,-44.176305,-70.942457,-31.470909
06654,,9.381750,-2.369219,2.423665,-0.019202,0.002506,-0.002477,-44.181669,-70.942400,-31.476944
06655,,9.387861,-2.352991,2.393492,-0.018436,0.000287,-0.006736,-44.210777,-70.930089,-31.450493
06656,,9.412689,-2.372081,2.407833,-0.009816,0.003033,-0.002665,-44.209897,-70.929913,-31.457395
06657,,9.366371,-2.379847,2.394602,-0.008289,0.009578,-0.003181,-44.231885,-70.912959,-31.428764
06658,,9.395459,-2.359493,2.372000,-0.007093,0.003797,-0.004589,-44.226298,-70.913278,-31.438925
06659,,9.380090,-2.345448,2.416680,-0.003597,0.007344,-0.005773,-44.245851,-70.895487,-31.419489
06660,,9.364581,-2.355806,2.388404,-0.003990,0.008943,-0.004640,-44.232659,-70.893725,-31.435833
06661,,9.335333,-2.375526,2.412252,-0.001267,0.009708,-0.006562,-44.223477,-70.875061,-31.442540
06662,,9.372194,-2.361456,2.367721,-0.002829,0.005126,-0.010032,-44.207477,-70.877000,-31.461146
06663,,9.380051,-2.367301,2.345901,-0.003619,0.003326,-0.012764,-44.219304,-70.864832,-31.443323
06664,,9.370979,-2.336317,2.360328,-0.002797,-0.001837,-0.011045,-44.210162,-70.870064,-31.454607
06665,,9.359272,-2.392077,2.346337,-0.012618,-0.003808,-0.018714,-44.210459,-70.864608,-31.447755
06666,,9.357134,-2.477366,2.317500,-0.003196,-0.010236,-0.019911,-44.200454,-70.876845,-31.460109
06667,,9.320155,-2.622763,2.267797,0.013245,-0.021530,-0.029488,-44.199774,-70.881233,-31.445089
06668,,9.303552,-2.716472,2.209133,0.053167,-0.034972,-0.040047,-44.161930,-70.911674,-31.452690
06669,,9.211502,-2.921469,2.212950,0.115359,-0.055804,-0.058234,-44.117337,-70.938446,-31.428367
06670,,9.179750,-3.191418,2.232153,0.205283,-0.081509,-0.075036,-44.004005,-71.001961,-31.423637
06671,,9.043712,-3.190643,2.455861,0.302998,-0.112391,-0.078835,-43.925129,-71.055232,-31.324597
06672,,8.948593,-3.304281,2.704212,0.396213,-0.143987,-0.079583,-43.768734,-71.146366,-31.249781
06673,,9.110442,-3.686543,2.860477,0.510381,-0.164388,-0.053241,-43.671786,-71.197293,-31.056442
06674,,9.300526,-4.215164,3.110225,0.680986,-0.164683,-0.013843,-43.455973,-71.271115,-30.872265
06675,,9.677669,-4.726382,3.517087,0.865865,-0.129557,0.071433,-43.296492,-71.246576,-30.504010
06676,,10.048275,-5.151949,3.889383,1.054031,-0.070086,0.210670,-43.032074,-71.193301,-30.145323
06677,,10.350171,-5.025957,4.584015,1.133670,0.043155,0.399640,-42.937467,-70.941656,-29.539398
06678,,10.223091,-4.497428,4.937156,1.038940,0.154295,0.590178,-42.879961,-70.646700,-28.969757
06679,,9.998626,-3.999694,4.873548,0.867720,0.243785,0.729699,-43.053777,-70.155804,-28.214982
06680,,9.848892,-4.054924,5.039377,0.651019,0.312889,0.849351,-43.314914,-69.692063,-27.539467
06681,,9.779177,-4.604364,5.070156,0.488991,0.371989,0.953514,-43.712096,-69.039704,-26.748112
06682,,9.723036,-4.940546,5.325356,0.376217,0.423930,1.045410,-44.169940,-68.449144,-26.025002
06683,,9.643653,-5.354591,5.553629,0.296600,0.489004,1.130934,-44.661854,-67.660629,-25.192283
06684,,9.620018,-5.750574,5.605701,0.250441,0.568915,1.215424,-45.143995,-66.938205,-24.513062
06685,,9.494823,-5.953828,5.518654,0.232970,0.654435,1.293982,-45.592898,-65.995071,-23.707757
06686,,9.354146,-6.020952,5.399464,0.210868,0.726351,1.375596,-46.019516,-65.140042,-23.104684
06687,,9.176672,-6.095678,5.218371,0.217394,0.788699,1.447260,-46.422524,-64.047602,-22.370121
06688,,9.068960,-6.253473,4.992429,0.246751,0.837876,1.507792,-46.767854,-63.090342,-21.824351
06689,,8.912312,-6.296283,4.728629,0.315720,0.868974,1.563313,-47.076663,-61.890650,-21.182687
06690,,8.767865,-6.263239,4.580214,0.406916,0.890603,1.608586,-47.299768,-60.868014,-20.660616
06691,,8.562733,-6.199822,4.542615,0.492874,0.905590,1.652077,-47.489232,-59.607616,-20.019938
06692,,8.488945,-6.162707,4.657414,0.562230,0.920839,1.687212,-47.601241,-58.538487,-19.511474
06693,,8.421755,-6.081477,4.755191,0.594091,0.944129,1.712414,-47.697993,-57.234456,-18.886347
06694,,8.349034,-6.002258,4.735043,0.592117,0.969156,1.728908,-47.742563,-56.128212,-18.424587
06695,,8.142732,-6.010719,4.593549,0.585624,0.993358,1.734951,-47.783952,-54.791829,-17.914782
06696,,7.868545,-6.001323,4.502622,0.602774,0.990235,1.726633,-47.773492,-53.678152,-17.499545
06697,,7.770296,-6.071045,4.435235,0.641395,0.984389,1.703585,-47.741900,-52.363750,-17.029889
06698,,7.823987,-6.137378,4.396807,0.692946,0.982364,1.668290,-47.629401,-51.278198,-16.665352
06699,,7.914120,-6.059172,4.498748,0.756574,0.995253,1.632319,-47.474527,-49.998444,-16.261032
06700,,7.973817,-5.735215,4.614507,0.756887,1.027845,1.601040,-47.256461,-48.924842,-15.974675
06701,,7.812062,-5.574126,4.436779,0.717076,1.066683,1.558361,-47.047151,-47.661742,-15.666337
06702,,7.532584,-5.433945,4.123178,0.666186,1.084590,1.514682,-46.810767,-46.603506,-15.465318
06703,,7.354028,-5.403940,3.819840,0.608499,1.074438,1.474827,-46.622381,-45.389055,-15.211313
06704,,7.287575,-5.443351,3.728469,0.555016,1.070173,1.417497,-46.413927,-44.377890,-15.053221
06705,,7.130188,-5.807291,3.777967,0.605327,1.052387,1.344970,-46.189251,-43.244515,-14.856422
06706,,7.061215,-6.224518,3.955859,0.781345,1.034092,1.261135,-45.807867,-42.313190,-14.755851
06707,,7.013224,-6.255915,4.067658,1.046524,1.019451,1.166980,-45.292144,-41.282249,-14.623357
06708,,7.103653,-6.103207,4.016184,1.305224,1.019641,1.069519,-44.559042,-40.435845,-14.597756
06709,,7.078618,-5.984383,3.792032,1.541128,1.020237,0.965939,-43.714267,-39.501194,-14.546608
06710,,6.943375,-5.641831,3.706111,1.744079,1.001532,0.867866,-42.686722,-38.742397,-14.588217
06711,,6.907588,-4.986989,3.755104,1.850141,0.969005,0.779710,-41.648913,-37.918761,-14.577774
06712,,6.859212,-4.030977,4.090042,1.815897,0.941634,0.701548,-40.565097,-37.247785,-14.645626
06713,,6.920107,-3.330232,4.481190,1.660679,0.922532,0.639536,-39.624495,-36.515136,-14.663364
06714,,7.007510,-2.714634,4.833713,1.380442,0.889715,0.583238,-38.783847,-35.908625,-14.744147
06715,,7.058615,-2.232547,4.669748,1.020947,0.871839,0.543947,-38.197309,-35.252502,-14.781401
06716,,6.937439,-2.292622,4.319724,0.651384,0.855681,0.490486,-37.764686,-34.692798,-14.881592
06717,,6.696869,-2.661935,4.148681,0.369345,0.820389,0.431971,-37.525981,-34.120650,-14.959915
06718,,6.492496,-3.082630,4.079329,0.214079,0.781953,0.358102,-37.326659,-33.639813,-15.093898
06719,,6.298848,-3.242789,4.260433,0.141450,0.725981,0.293679,-37.198729,-33.177063,-15.211058
06720,,6.328540,-3.282150,4.578521,0.102129,0.699565,0.232879,-37.049089,-32.776582,-15.374854
06721,,6.155512,-3.438403,4.763993,0.115766,0.634635,0.157716,-36.916990,-32.416983,-15.530666
06722,,6.059068,-3.267870,4.727886,0.165100,0.551351,0.078255,-36.722337,-32.136851,-15.714351
06723,,5.896423,-2.848906,4.598063,0.164879,0.473279,0.008570,-36.553770,-31.913808,-15.887648
06724,,5.775422,-2.752364,4.301471,0.125750,0.394313,-0.068827,-36.375539,-31.755166,-16.085227
06725,,5.681381,-2.903933,4.310414,0.100713,0.321595,-0.150651,-36.227684,-31.667011,-16.287832
06726,,5.502127,-2.966285,4.525218,0.123182,0.219390,-0.226770,-36.043599,-31.641717,-16.500378
06727,,5.649782,-2.913108,4.833596,0.159205,0.119752,-0.315248,-35.854406,-31.711002,-16.716280
06728,,5.891275,-2.798746,4.963129,0.199366,0.036092,-0.397814,-35.615006,-31.826934,-16.950296
06729,,5.971029,-2.652668,4.752383,0.221640,-0.058763,-0.477096,-35.373902,-32.040244,-17.190844
06730,,6.048695,-2.618923,4.755413,0.200189,-0.146836,-0.547855,-35.125398,-32.289702,-17.438498
06731,,6.213308,-2.668616,4.909215,0.160674,-0.213368,-0.625037,-34.899135,-32.631388,-17.709027
06732,,6.304924,-2.593165,4.903504,0.106963,-0.254061,-0.684089,-34.680757,-32.974157,-17.995377
06733,,6.307260,-2.676558,4.823683,0.077619,-0.298070,-0.731566,-34.477025,-33.397032,-18.302581
06734,,6.553823,-2.683238,4.884762,0.052493,-0.343880,-0.767029,-34.276667,-33.807374,-18.606721
06735,,6.945112,-2.720994,5.073666,0.047636,-0.388555,-0.777112,-34.084138,-34.293693,-18.915091
06736,,7.207878,-2.396847,5.239191,0.011266,-0.422901,-0.768233,-33.916674,-34.740296,-19.195765
06737,,7.083344,-1.969956,5.190572,-0.089138,-0.431869,-0.719294,-33.819013,-35.235581,-19.464820
06738,,6.983275,-2.010760,5.203246,-0.239290,-0.450485,-0.659677,-33.831585,-35.659996,-19.676155
06739,,7.241395,-2.748852,5.061039,-0.343174,-0.449812,-0.605844,-33.910867,-36.134829,-19.880327
06740,,7.478315,-3.758123,5.078971,-0.358154,-0.411416,-0.561049,-34.013545,-36.509538,-20.050103
06741,,7.451875,-4.582262,5.111679,-0.226308,-0.390232,-0.524757,-34.037195,-36.936101,-20.232654
06742,,7.423070,-4.539741,5.217258,-0.042230,-0.380574,-0.501963,-33.969900,-37.277347,-20.381041
06743,,7.258990,-3.693480,5.349648,0.051606,-0.375332,-0.475217,-33.850028,-37.683613,-20.540551
06744,,7.133811,-2.880432,5.666648,-0.017553,-0.363049,-0.442426,-33.782992,-37.997165,-20.663007
06745,,7.171078,-2.680020,5.606488,-0.175675,-0.367911,-0.423375,-33.806393,-38.385432,-20.798070
06746,,7.302286,-2.716415,5.302113,-0.282347,-0.376584,-0.400912,-33.908514,-38.692265,-20.890648
06747,,7.394929,-2.564872,5.232714,-0.359717,-0.386713,-0.384083,-34.052544,-39.079702,-20.996903
06748,,7.398430,-2.273410,5.298760,-0.510001,-0.389139,-0.352754,-34.307001,-39.377412,-21.053477
06749,,7.575157,-2.557255,5.445496,-0.725857,-0.369573,-0.316284,-34.679559,-39.738330,-21.126165
06750,,7.856865,-3.520832,5.454501,-0.891447,-0.319354,-0.275026,-35.166354,-39.978330,-21.160477
06751,,7.938239,-4.438357,5.270361,-0.894311,-0.274100,-0.246577,-35.637097,-40.274079,-21.228717
06752,,7.902533,-4.394933,5.220836,-0.788750,-0.238057,-0.228447,-36.063144,-40.461117,-21.265608
06753,,7.982244,-3.726113,5.203745,-0.713428,-0.217267,-0.194650,-36.439763,-40.714071,-21.321988
06754,,8.135795,-3.226311,5.149656,-0.736492,-0.172979,-0.158384,-36.846332,-40.847634,-21.342545
06755,,8.175034,-3.523474,4.906712,-0.766375,-0.146726,-0.110268,-37.266837,-41.041449,-21.378111
06756,,8.315036,-4.074809,4.738027,-0.734962,-0.129642,-0.065687,-37.697657,-41.123234,-21.360303
06757,,8.479324,-4.233125,4.975460,-0.719196,-0.102296,0.016942,-38.130400,-41.254473,-21.337957
06758,,8.397978,-4.193720,5.207977,-0.776517,-0.059711,0.094095,-38.627336,-41.247823,-21.256041
06759,,8.227960,-4.445558,5.214918,-0.815072,-0.035910,0.165468,-39.154644,-41.296712,-21.175568
06760,,8.194866,-4.208179,5.711567,-0.816781,-0.036196,0.220127,-39.715979,-41.232689,-21.031006
06761,,8.155677,-3.792664,5.314321,-0.827685,-0.067144,0.296645,-40.311057,-41.245211,-20.859264
06762,,8.186508,-4.023202,4.917290,-0.774168,-0.072713,0.338786,-40.903684,-41.150649,-20.629930
06763,,8.262501,-3.636184,5.064500,-0.787130,-0.087676,0.407815,-41.522418,-41.127779,-20.386858
06764,,8.605558,-3.844488,4.948329,-0.867575,-0.063485,0.475403,-42.213617,-40.973301,-20.088241
06765,,8.678453,-4.388807,4.480969,-0.846840,-0.027871,0.534110,-42.888700,-40.873323,-19.810365
06766,,8.676831,-4.702044,4.033404,-0.726834,-0.002061,0.594047,-43.516031,-40.641492,-19.484291
06767,,8.567868,-4.529842,3.829925,-0.621445,0.015009,0.658899,-44.088967,-40.471610,-19.166403
06768,,8.480703,-4.184189,3.876228,-0.584389,0.033890,0.746947,-44.668203,-40.158806,-18.785561
06769,,8.590888,-3.528519,4.041817,-0.695397,0.034199,0.837510,-45.332636,-39.906092,-18.391609
06770,,8.539196,-3.163631,3.973102,-0.942415,0.025677,0.945652,-46.174218,-39.508182,-17.916370
06771,,8.400320,-3.460098,3.722217,-1.204466,-0.012059,1.041980,-47.197424,-39.182997,-17.411869
06772,,8.322831,-4.040643,3.333095,-1.379605,-0.083056,1.108031,-48.357901,-38.745438,-16.820279
06773,,8.201522,-4.327292,3.047140,-1.448716,-0.167810,1.137168,-49.583120,-38.425144,-16.210956
06774,,8.129398,-4.474418,2.771646,-1.436275,-0.263250,1.139602,-50.823011,-38.020746,-15.533825
06775,,8.100646,-4.858770,2.675528,-1.353673,-0.359608,1.127507,-52.038825,-37.755239,-14.847413
06776,,8.041448,-5.488140,3.005191,-1.192258,-0.463732,1.094950,-53.174300,-37.419023,-14.102527
06777,,7.873065,-6.285115,3.059575,-0.929113,-0.554740,1.035158,-54.177708,-37.242335,-13.363320
06778,,7.628861,-6.210516,3.596865,-0.650385,-0.644331,0.958091,-55.015550,-37.009741,-12.589263
06779,,7.251719,-5.974003,3.693960,-0.438610,-0.751686,0.859866,-55.758576,-36.960940,-11.816033
06780,,7.087324,-5.708171,3.831192,-0.286041,-0.858513,0.763609,-56.409249,-36.873408,-11.002286
06781,,6.737260,-5.514536,3.541097,-0.188597,-0.977605,0.663322,-57.043419,-36.973060,-10.173892
06782,,6.500404,-5.849357,3.154832,-0.076953,-1.119860,0.558199,-57.621579,-37.051332,-9.283384
06783,,6.508588,-6.309777,2.814309,0.103231,-1.248271,0.441145,-58.145509,-37.325044,-8.369396
06784,,6.528574,-6.726847,2.701003,0.334265,-1.364344,0.326770,-58.535653,-37.577244,-7.409550
06785,,6.719985,-7.032029,2.637203,0.571589,-1.472191,0.220206,-58.846028,-38.011811,-6.424705
06786,,7.074757,-7.141112,2.648304,0.795901,-1.551663,0.114829,-59.012986,-38.415629,-5.414383
06787,,7.279545,-6.920690,2.771741,0.967458,-1.613162,0.020027,-59.134159,-38.981057,-4.395342
06788,,7.358652,-6.599341,2.891880,1.055071,-1.649060,-0.062911,-59.173759,-39.497867,-3.373914
06789,,7.434924,-6.331639,3.106120,1.076221,-1.662019,-0.118933,-59.251917,-40.140926,-2.353568
06790,,7.468058,-6.340852,3.260487,1.029346,-1.655874,-0.162905,-59.312932,-40.707266,-1.346861
06791,,7.415219,-6.363497,3.288591,0.956078,-1.639165,-0.186644,-59.467613,-41.371540,-0.342488
06792,,7.361127,-6.508008,3.221599,0.870449,-1.623174,-0.208555,-59.624892,-41.947455,0.647440
06793,,7.309644,-6.562237,3.302369,0.797342,-1.595125,-0.214972,-59.879801,-42.604502,1.639872
06794,,7.197458,-6.682672,3.424930,0.721499,-1.566803,-0.226484,-60.124847,-43.167317,2.610320
06795,,7.332934,-6.780560,3.499764,0.647432,-1.532334,-0.235107,-60.467977,-43.804994,3.583012
06796,,7.346124,-6.923417,3.501096,0.582652,-1.483652,-0.243695,-60.781633,-44.345329,4.516713
06797,,7.411034,-7.075180,3.670290,0.562436,-1.435796,-0.249341,-61.158565,-44.949962,5.448051
06798,,7.423713,-7.226027,4.025413,0.546795,-1.370148,-0.245064,-61.467477,-45.451725,6.327715
06799,,7.523951,-7.417877,4.518610,0.515409,-1.279129,-0.218266,-61.831646,-45.984564,7.187650
06800,,7.592426,-7.585006,4.715889,0.455033,-1.169147,-0.181106,-62.133094,-46.392652,7.969433
06801,,7.506753,-7.645765,4.917865,0.381117,-1.041866,-0.148168,-62.490362,-46.813484,8.704413
06802,,7.311027,-7.870425,5.153890,0.283053,-0.935428,-0.093554,-62.808172,-47.109212,9.363846
06803,,7.226623,-8.197252,5.348338,0.191610,-0.844314,-0.029102,-63.212480,-47.404844,10.011420
06804,,7.309095,-8.627957,5.785688,0.161978,-0.729187,0.052589,-63.538373,-47.567078,10.582141
06805,,7.273467,-9.124186,5.966554,0.180439,-0.587933,0.140924,-63.857133,-47.697122,11.106446
06806,,7.042161,-9.510500,6.072192,0.247508,-0.443866,0.228175,-64.026073,-47.693387,11.529303
06807,,6.785202,-9.644233,6.214447,0.345665,-0.311906,0.314853,-64.137875,-47.653346,11.906923
06808,,6.676636,-9.688869,6.334775,0.421441,-0.176280,0.420660,-64.107530,-47.482606,12.195650
06809,,6.677184,-9.328465,6.665077,0.394573,-0.050783,0.533137,-64.095785,-47.255163,12.451138
06810,,6.651316,-9.107439,6.875409,0.224606,0.071860,0.659159,-64.101353,-46.899506,12.637179
06811,,6.737838,-9.200262,6.808109,0.011628,0.187498,0.784439,-64.233140,-46.474331,12.798074
06812,,6.626952,-9.301189,6.721339,-0.192909,0.310814,0.910747,-64.408861,-45.928968,12.891125
06813,,6.506455,-9.427114,6.788158,-0.350332,0.423595,1.039528,-64.678649,-45.307425,13.110784
06814,,6.400934,-9.898835,6.771613,-0.434696,0.531359,1.182514,-64.937434,-44.566868,13.127377
06815,,6.315496,-10.071945,6.783923,-0.430987,0.646305,1.313934,-65.185622,-43.739263,13.111513
06816,,6.056261,-10.231961,6.889299,-0.401985,0.779210,1.439132,-65.355859,-42.805691,13.026769
06817,,5.908629,-10.490950,6.947026,-0.368749,0.882923,1.595319,-65.507347,-41.768043,12.925757
06818,,5.834502,-10.357988,6.846423,-0.346478,0.992525,1.750733,-65.613009,-40.621694,12.787796
06819,,5.611030,-10.550628,6.825714,-0.337599,1.104323,1.922732,-65.711254,-39.354465,12.633034
06820,,5.532993,-10.585583,6.674782,-0.284330,1.182158,2.083285,-65.769586,-37.990092,12.468853
06821,,5.416936,-10.358074,6.665267,-0.283187,1.288391,2.235108,-65.822195,-36.510798,12.286291
06822,,4.986866,-10.532348,6.520523,-0.310691,1.373231,2.399226,-65.885507,-34.936708,12.093240
06823,,4.656031,-11.680957,6.279496,-0.250563,1.428493,2.571447,-65.929801,-33.244228,11.919989
06824,,4.624563,-11.792966,6.482111,0.118401,1.443265,2.754060,-65.790049,-31.468206,11.789339
06825,,4.630902,-11.279589,6.497872,0.374231,1.487881,2.903184,-65.519419,-29.582835,11.686617
06826,,4.339295,-10.655665,6.576861,0.548015,1.559106,3.008614,-65.152372,-27.645624,11.580027
06827,,4.187610,-10.167229,6.603844,0.600651,1.597053,3.142405,-64.769699,-25.605505,11.507774
06828,,3.705469,-10.036088,6.505001,0.590125,1.652517,3.233806,-64.401610,-23.527706,11.440518
06829,,3.850539,-10.446539,5.914516,0.643733,1.628480,3.413338,-64.029741,-21.337522,11.454493
06830,,3.212148,-10.008377,5.691554,0.699044,1.669889,3.505182,-63.636692,-19.115137,11.481935
06831,,1.968952,-8.081654,5.956317,0.705454,1.710011,3.520092,-63.232618,-16.849031,11.511789
06832,,1.838190,-7.944730,6.092722,0.123200,1.643386,3.620780,-63.186323,-14.574749,11.608754
06833,,1.877802,-8.868594,5.135157,-0.025671,1.636224,3.761529,-63.222524,-12.203620,11.750465
06834,,0.889991,-9.220198,5.017774,0.028169,1.591733,3.813307,-63.237280,-9.844121,11.922265
06835,,0.281385,-9.229617,5.042145,0.331983,1.526868,3.825801,-63.068024,-7.468246,12.137991
06836,,0.253378,-9.131542,5.214535,0.443831,1.462332,3.875833,-62.840649,-5.111362,12.401867
06837,,0.502837,-9.713527,5.198711,0.595979,1.408687,3.943991,-62.509754,-2.707566,12.727578
06838,,0.587144,-10.148077,4.991449,0.801781,1.402289,3.988626,-62.057582,-0.312675,13.078056
06839,,0.234389,-9.707605,4.808536,0.983722,1.408989,4.022890,-61.476849,2.124598,13.462411
06840,,-0.265413,-9.573141,4.637041,1.096151,1.390831,4.058351,-60.822119,4.543933,13.885836
06841,,-0.500899,-9.654159,4.294294,1.248424,1.353318,4.073477,-60.048229,6.979669,14.370816
06842,,-0.682807,-9.470060,4.163636,1.462370,1.333971,4.055296,-59.134205,9.368638,14.891649
06843,,-0.973315,-9.461102,4.196674,1.684473,1.343007,4.033357,-58.057986,11.763208,15.453668
06844,,-1.195959,-9.258398,4.439147,1.905923,1.361365,3.977215,-56.833566,14.101954,16.035739
06845,,-1.210941,-9.213472,4.789777,2.045488,1.381891,3.948751,-55.489841,16.440983,16.664544
06846,,-1.264735,-8.970398,4.976635,2.164831,1.423258,3.901450,-54.050194,18.735708,17.316897
06847,,-1.407185,-8.759670,5.103972,2.283608,1.485000,3.842306,-52.506495,21.024830,17.995042
06848,,-1.664235,-8.606734,4.905429,2.438001,1.536375,3.777331,-50.842925,23.267039,18.696720
06849,,-1.890300,-8.262884,4.677602,2.631007,1.594962,3.690441,-49.031553,25.485773,19.425200
06850,,-2.173128,-7.812712,4.598529,2.774012,1.642743,3.616990,-47.098337,27.655004,20.188924
06851,,-2.511437,-7.293553,4.596052,2.889129,1.693440,3.531547,-45.055114,29.794521,20.992775
06852,,-2.915438,-6.945802,4.687198,2.960609,1.737277,3.450845,-42.921080,31.882565,21.842342
06853,,-3.156900,-6.663891,4.687379,3.017535,1.759513,3.357114,-40.700483,33.922742,22.747280
06854,,-3.303802,-6.353761,4.754155,3.044568,1.780906,3.271257,-38.399987,35.901849,23.715028
06855,,-3.414897,-5.957961,4.821109,3.051642,1.804095,3.173113,-36.038864,37.828837,24.738210
06856,,-3.602945,-5.439917,4.835564,3.016775,1.825717,3.092458,-33.621620,39.698510,25.834732
06857,,-3.786687,-5.109898,4.721653,2.957097,1.834027,3.019645,-31.164842,41.514812,27.009491
06858,,-4.047796,-4.676493,4.529860,2.928604,1.834481,2.937829,-28.632801,43.264274,28.273075
06859,,-4.289719,-4.163903,4.511163,2.947513,1.835986,2.843151,-26.020221,44.947329,29.604536
06860,,-4.403182,-3.826400,4.601561,2.947497,1.831103,2.766289,-23.301971,46.561533,31.038544
06861,,-4.454304,-3.395839,4.390893,2.906407,1.855856,2.690294,-20.529862,48.123233,32.548198
06862,,-4.774395,-2.880735,4.494328,2.834739,1.866858,2.622299,-17.680920,49.625358,34.171214
06863,,-4.622154,-2.230589,4.187300,2.712928,1.922032,2.541109,-14.829409,51.089688,35.860317
06864,,-5.456931,-1.579235,4.536484,2.550241,1.885248,2.486228,-11.926317,52.470016,37.692885
06865,,-5.566587,-0.969134,4.530325,2.314363,1.766606,2.441260,-9.034170,53.719614,39.655602
06866,,-5.555312,-0.590424,4.622614,2.030401,1.707549,2.388477,-6.164298,54.870466,41.754540
06867,,-5.724022,-0.300610,4.470316,1.763629,1.639273,2.335181,-3.355528,55.917840,43.942733
06868,,-5.982312,0.034826,4.188777,1.552348,1.575345,2.270174,-0.557597,56.864654,46.231790
06869,,-6.085288,0.227098,4.093275,1.421113,1.507245,2.193663,2.211255,57.711041,48.557496
06870,,-5.956521,0.078351,3.837112,1.363991,1.459862,2.107976,5.011936,58.470241,50.933695
06871,,-5.954245,-0.068145,3.500951,1.427558,1.429144,2.006313,7.846763,59.157079,53.293417
06872,,-5.996957,0.177810,3.303508,1.495506,1.354249,1.927450,10.761296,59.744924,55.680391
06873,,-6.085085,0.866330,3.086860,1.524035,1.301785,1.836267,13.666124,60.254351,58.028221
06874,,-6.465894,1.612392,2.969032,1.466269,1.241184,1.749610,16.540182,60.680569,60.363605
06875,,-6.574802,2.077889,2.845909,1.356707,1.152423,1.658526,19.281839,61.020869,62.614136
06876,,-6.458666,2.440548,2.710599,1.215956,1.061614,1.565208,21.889076,61.275951,64.793221
06877,,-6.483391,2.587699,2.681777,1.067294,0.989164,1.468878,24.309118,61.472270,66.854188
06878,,-6.500329,2.449182,2.683448,0.960063,0.905873,1.370300,26.576932,61.604766,68.805904
06879,,-6.682619,2.367060,2.540658,0.898159,0.845985,1.280864,28.700085,61.699423,70.633538
06880,,-6.838585,2.591854,2.497058,0.881345,0.767790,1.177230,30.698083,61.748594,72.326712
06881,,-6.890286,2.854564,2.477812,0.846512,0.691211,1.072412,32.533939,61.769939,73.859451
06882,,-6.815707,3.126603,2.338302,0.795375,0.609419,0.971495,34.211630,61.756670,75.244362
06883,,-6.851334,3.229769,2.254543,0.746839,0.541086,0.859555,35.715123,61.734871,76.464218
06884,,-6.883297,3.444749,2.157665,0.691255,0.469243,0.748466,37.048035,61.698362,77.525976
06885,,-7.073744,3.646819,2.220039,0.620744,0.399753,0.637283,38.197968,61.663180,78.426397
06886,,-7.011852,3.782327,2.205544,0.520869,0.322258,0.518120,39.138521,61.623331,79.153976
06887,,-7.093837,3.960092,2.148382,0.397986,0.258567,0.400045,39.870449,61.597838,79.724291
06888,,-7.224184,4.098648,2.093914,0.255202,0.184373,0.274359,40.363710,61.578839,80.116770
06889,,-7.143760,4.209800,2.060795,0.102601,0.094050,0.149027,40.613739,61.569967,80.331103
06890,,-6.882681,4.186464,1.974160,-0.039502,0.012699,0.010732,40.607502,61.573004,80.347666
06891,,-6.665676,4.124946,1.934738,-0.169206,-0.067949,-0.121708,40.376854,61.593754,80.191858
06892,,-6.606560,4.099856,1.984269,-0.284638,-0.145605,-0.257986,39.904190,61.626769,79.837880
06893,,-6.567408,4.153291,2.042388,-0.400069,-0.223936,-0.399331,39.211755,61.678125,79.307149
06894,,-6.479074,4.105977,2.219762,-0.529644,-0.298403,-0.538504,38.261334,61.739288,78.570358
06895,,-6.507400,3.884949,2.357832,-0.651878,-0.359752,-0.684477,37.093873,61.819890,77.664323
06896,,-6.480968,3.549311,2.366357,-0.739135,-0.426366,-0.824880,35.686788,61.905033,76.546852
06897,,-6.406196,3.285480,2.410562,-0.805682,-0.497157,-0.984489,34.073202,61.997697,75.236212
06898,,-6.237367,3.067402,2.367765,-0.847119,-0.564598,-1.149339,32.214380,62.088188,73.679256
06899,,-6.107041,2.881726,2.317468,-0.870486,-0.628033,-1.324258,30.160167,62.177200,71.914123
06900,,-6.291328,2.685963,2.441190,-0.890651,-0.674352,-1.486450,27.879103,62.253679,69.910596
06901,,-6.447813,2.471390,2.592826,-0.924663,-0.744705,-1.636240,25.417242,62.297308,67.722148
06902,,-6.415447,2.229939,2.653646,-0.975435,-0.808226,-1.766621,22.737141,62.288493,65.324234
06903,,-6.688171,2.042330,2.826456,-1.038345,-0.866562,-1.872301,19.926451,62.221651,62.814759
06904,,-6.933107,1.885462,2.961276,-1.115584,-0.963455,-1.977264,16.921876,62.056791,60.137307
06905,,-6.748047,1.691167,3.123119,-1.196389,-1.076101,-2.073652,13.809955,61.783672,57.381264
06906,,-6.399429,1.269455,3.341420,-1.283053,-1.179944,-2.165180,10.567717,61.385324,54.528840
06907,,-6.204933,0.864913,3.756431,-1.377899,-1.245666,-2.236630,7.306502,60.886961,51.700556
06908,,-6.456208,0.432241,4.218506,-1.502800,-1.288199,-2.297881,3.990815,60.282333,48.880759
06909,,-6.678839,0.185151,4.370219,-1.660121,-1.319921,-2.356323,0.679413,59.589773,46.147749
06910,,-6.927320,-0.238418,4.435750,-1.774143,-1.318887,-2.417319,-2.640326,58.810561,43.464465
06911,,-7.078460,-0.758343,4.479073,-1.815445,-1.317880,-2.490247,-5.880438,57.960005,40.875293
06912,,-6.883212,-1.270300,4.477876,-1.767586,-1.324041,-2.572463,-9.033298,57.016337,38.335567
06913,,-6.541158,-1.541636,4.589655,-1.682258,-1.337271,-2.633036,-12.010464,55.996310,35.915811
06914,,-6.250075,-1.709608,4.617884,-1.639889,-1.343131,-2.675395,-14.856566,54.891327,33.598932
06915,,-6.161033,-2.041307,4.806364,-1.661118,-1.333140,-2.691196,-17.559687,53.736117,31.437352
06916,,-6.241420,-2.724932,5.003943,-1.708242,-1.320023,-2.696921,-20.162963,52.520375,29.404624
06917,,-6.149307,-3.398021,5.095964,-1.754165,-1.323441,-2.696360,-22.638747,51.258771,27.530429
06918,,-6.029677,-3.826085,5.281027,-1.770305,-1.303960,-2.704988,-25.012486,49.948647,25.769157
06919,,-6.087047,-4.132792,5.376894,-1.780532,-1.286603,-2.726534,-27.277445,48.605524,24.122340
06920,,-6.099415,-4.298246,5.507686,-1.775933,-1.274365,-2.752100,-29.447479,47.213218,22.567058
06921,,-5.992340,-4.554787,5.712033,-1.765814,-1.261196,-2.786840,-31.518671,45.786208,21.102850
06922,,-5.878089,-4.855481,5.793655,-1.780669,-1.233629,-2.806349,-33.516794,44.325024,19.718915
06923,,-6.114324,-5.078406,5.757410,-1.811439,-1.202604,-2.822029,-35.449477,42.845949,18.417984
06924,,-6.264601,-5.397576,5.613266,-1.834608,-1.200644,-2.842914,-37.316264,41.325002,17.198554
06925,,-5.984680,-5.996857,5.348089,-1.789472,-1.206415,-2.862386,-39.077529,39.771021,16.064127
06926,,-5.666491,-6.396592,5.205980,-1.654829,-1.203660,-2.888062,-40.694789,38.179718,14.997637
06927,,-5.455915,-6.535480,5.301091,-1.459186,-1.196389,-2.924497,-42.144871,36.559526,13.985137
06928,,-5.098573,-6.630350,5.539470,-1.252689,-1.190109,-2.959025,-43.424002,34.906423,13.020920
06929,,-4.758096,-6.546354,5.913628,-1.070209,-1.156169,-2.989915,-44.561600,33.241227,12.085529
06930,,-4.572798,-6.532448,6.288797,-0.948480,-1.118936,-2.995831,-45.585615,31.572049,11.185562
06931,,-4.588863,-6.424371,6.744134,-0.876595,-1.067219,-2.988723,-46.534940,29.914684,10.312157
06932,,-4.582482,-6.929611,7.039721,-0.831887,-1.017062,-2.967944,-47.419216,28.272700,9.470203
06933,,-4.415887,-7.688589,7.092251,-0.689407,-0.962368,-2.941993,-48.191882,26.652579,8.651805
06934,,-4.486031,-7.967370,7.119483,-0.450703,-0.919984,-2.911388,-48.793445,25.052839,7.860382
06935,,-4.549294,-8.047514,7.145836,-0.140813,-0.876969,-2.892597,-49.194605,23.470635,7.080752
06936,,-4.545000,-8.009140,7.034032,0.186795,-0.861059,-2.862328,-49.377259,21.904517,6.325018
06937,,-4.468586,-7.847971,7.211869,0.435601,-0.844534,-2.831896,-49.394831,20.355860,5.583939
06938,,-4.416570,-7.745652,7.339164,0.593081,-0.820108,-2.798058,-49.298595,18.832229,4.852158
06939,,-4.360461,-7.527088,7.572836,0.704713,-0.822066,-2.776006,-49.117877,17.318860,4.132095
06940,,-4.227729,-7.138062,7.944996,0.744482,-0.822863,-2.731510,-48.889560,15.827129,3.430646
06941,,-3.975770,-6.602821,8.281019,0.668124,-0.819324,-2.683741,-48.683935,14.360674,2.745568
06942,,-3.858145,-6.346192,8.637731,0.518643,-0.771522,-2.633723,-48.547001,12.935018,2.058742
06943,,-3.669600,-6.785929,8.543994,0.387033,-0.710094,-2.576307,-48.468664,11.560772,1.369060
06944,,-3.739572,-7.102500,8.226604,0.381899,-0.675168,-2.519888,-48.376988,10.222800,0.686525
06945,,-3.810346,-6.833839,7.886784,0.479365,-0.670988,-2.478518,-48.209019,8.909488,0.019150
06946,,-3.663742,-6.555013,7.654626,0.539418,-0.674790,-2.415953,-47.990808,7.619793,-0.625710
06947,,-3.618608,-6.321906,7.631967,0.486560,-0.701007,-2.336065,-47.780320,6.362501,-1.229698
06948,,-3.549545,-5.960714,7.823180,0.298039,-0.735563,-2.251981,-47.663799,5.123143,-1.790204
06949,,-3.224385,-6.094501,8.075916,0.030167,-0.736087,-2.183527,-47.682018,3.921816,-2.321885
06950,,-2.631287,-6.578761,7.943432,-0.191316,-0.692572,-2.125552,-47.820500,2.752372,-2.849372
06951,,-2.658377,-6.919933,7.668775,-0.238730,-0.592679,-2.106143,-47.970975,1.639322,-3.406043
06952,,-2.674067,-7.562108,7.262974,-0.101467,-0.610751,-2.076574,-48.037389,0.519805,-3.943630
06953,,-2.137506,-7.926331,6.825636,0.152947,-0.639109,-2.014265,-47.941517,-0.570443,-4.442835
06954,,-1.946863,-7.947045,6.704067,0.432002,-0.643845,-1.952897,-47.682837,-1.648357,-4.922529
06955,,-1.878161,-7.554493,6.911909,0.633262,-0.656593,-1.924005,-47.294723,-2.700765,-5.389185
06956,,-1.623885,-7.040803,7.229099,0.709806,-0.669657,-1.895807,-46.860171,-3.758532,-5.850197
06957,,-1.286579,-6.687258,7.658000,0.638907,-0.661750,-1.868329,-46.452371,-4.780724,-6.309020
06958,,-0.893844,-6.381214,7.836729,0.493064,-0.653905,-1.830818,-46.125788,-5.798878,-6.766552
06959,,-0.507292,-6.433964,7.855958,0.311624,-0.630029,-1.796424,-45.889018,-6.771722,-7.223001
06960,,-0.230159,-7.082402,7.704717,0.175059,-0.602409,-1.758984,-45.728699,-7.735913,-7.683251
06961,,0.052716,-7.791404,7.417901,0.117795,-0.597553,-1.718376,-45.588860,-8.659565,-8.129624
06962,,0.211959,-8.420229,7.071131,0.171352,-0.599217,-1.693832,-45.418588,-9.593370,-8.572059
06963,,0.304362,-8.841954,6.975302,0.287561,-0.619832,-1.659845,-45.172276,-10.498079,-8.993496
06964,,0.429068,-8.811925,6.981115,0.404069,-0.667151,-1.628367,-44.863142,-11.429091,-9.391451
06965,,0.726939,-8.496560,7.266633,0.418334,-0.711886,-1.578932,-44.542131,-12.332951,-9.753332
06966,,1.219283,-8.044705,7.574499,0.322630,-0.739570,-1.523741,-44.280723,-13.247428,-10.090353
06967,,1.704585,-7.944035,7.626784,0.170974,-0.722150,-1.481488,-44.099235,-14.112294,-10.417663
06968,,1.872527,-8.145159,7.394373,0.068936,-0.696459,-1.448461,-43.974556,-14.976825,-10.749071
06969,,1.830133,-8.392656,7.327503,0.057230,-0.674840,-1.440015,-43.847085,-15.803552,-11.084975
06970,,1.964428,-8.485703,7.180683,0.101092,-0.694388,-1.430543,-43.694565,-16.658585,-11.416385
06971,,2.259317,-8.294933,7.124604,0.177165,-0.693474,-1.434273,-43.490655,-17.488172,-11.749519
06972,,2.403571,-8.073781,7.064439,0.262015,-0.698907,-1.431127,-43.234211,-18.342986,-12.088713
06973,,2.557003,-7.561234,6.865932,0.338538,-0.726003,-1.441230,-42.929255,-19.185430,-12.422287
06974,,2.855860,-7.037058,7.012040,0.332121,-0.755686,-1.429603,-42.626910,-20.060150,-12.750025
06975,,3.188278,-6.862647,7.078676,0.251048,-0.769141,-1.414123,-42.369269,-20.906730,-13.066279
06976,,3.545000,-7.212087,7.144220,0.160583,-0.772423,-1.414397,-42.156610,-21.779834,-13.392289
06977,,3.978415,-7.848124,7.186653,0.151582,-0.764350,-1.417994,-41.941969,-22.623521,-13.723222
06978,,4.342766,-7.896967,7.212585,0.205462,-0.760732,-1.433217,-41.684740,-23.496370,-14.074257
06979,,4.638599,-7.892341,7.113651,0.264468,-0.752034,-1.454424,-41.383107,-24.346017,-14.439780
06980,,4.947936,-7.529006,6.970365,0.346861,-0.747963,-1.476969,-41.017971,-25.226327,-14.831875
06981,,5.081823,-6.499117,6.677725,0.368063,-0.753995,-1.499292,-40.631621,-26.089939,-15.234848
06982,,5.435284,-5.537428,6.670090,0.263155,-0.743903,-1.503720,-40.288853,-26.973711,-15.660114
06983,,5.734252,-5.528568,6.470542,0.081827,-0.733718,-1.467289,-40.051204,-27.813591,-16.073282
06984,,5.990297,-5.720309,6.304002,-0.075694,-0.718966,-1.428268,-39.897085,-28.655340,-16.486445
06985,,6.356575,-6.024439,6.230725,-0.214856,-0.709237,-1.377076,-39.830483,-29.450979,-16.876333
06986,,6.684176,-6.399498,6.318823,-0.293669,-0.678009,-1.324263,-39.804202,-30.235508,-17.263186
06987,,6.921808,-6.618160,6.520662,-0.324792,-0.649345,-1.247325,-39.809407,-30.958605,-17.619104
06988,,7.200141,-6.521068,6.663902,-0.339000,-0.606139,-1.173957,-39.821711,-31.656314,-17.965302
06989,,7.204547,-6.345686,6.646347,-0.325789,-0.541940,-1.112065,-39.830893,-32.284282,-18.302230
06990,,7.143219,-6.301691,6.470046,-0.304519,-0.487137,-1.048426,-39.821768,-32.883586,-18.639376
06991,,7.116940,-6.203165,6.227373,-0.259055,-0.437608,-0.988587,-39.795366,-33.421806,-18.961664
06992,,6.951955,-5.934212,6.118829,-0.197302,-0.391786,-0.941701,-39.724638,-33.939643,-19.289373
06993,,6.541293,-5.579368,5.939225,-0.162082,-0.355247,-0.902498,-39.640833,-34.410880,-19.607334
06994,,6.383572,-5.374767,5.954314,-0.139898,-0.343267,-0.870225,-39.539017,-34.880356,-19.923841
06995,,6.618220,-5.447693,5.921256,-0.133895,-0.325199,-0.836381,-39.444870,-35.314389,-20.224883
06996,,6.904378,-5.770361,5.798744,-0.080673,-0.299191,-0.813158,-39.308495,-35.742601,-20.535600
06997,,6.965006,-5.627780,5.760987,-0.012333,-0.275292,-0.778769,-39.143671,-36.133547,-20.832942
06998,,6.963264,-5.204893,5.865833,0.012828,-0.251536,-0.734581,-38.959664,-36.510724,-21.127751
06999,,7.056951,-4.887508,6.134988,-0.027926,-0.222439,-0.688933,-38.813294,-36.845510,-21.404551
07000,,6.994485,-4.728641,6.200437,-0.095089,-0.175334,-0.648120,-38.693795,-37.156364,-21.690263
07001,,6.967191,-4.756254,6.055107,-0.145966,-0.155764,-0.609420,-38.618952,-37.433108,-21.956624
07002,,7.136734,-4.766697,5.938032,-0.167479,-0.141564,-0.572333,-38.553506,-37.701066,-22.218032
07003,,7.198946,-4.790139,5.913175,-0.191776,-0.124899,-0.534954,-38.518563,-37.938082,-22.458985
07004,,7.276199,-4.764995,5.997147,-0.208135,-0.118265,-0.502101,-38.491445,-38.170226,-22.693160
07005,,7.479303,-4.562862,6.031056,-0.220429,-0.099392,-0.472978,-38.484970,-38.374717,-22.912301
07006,,7.293053,-4.355247,5.963339,-0.265553,-0.064857,-0.439050,-38.495889,-38.560362,-23.136091
07007,,7.014396,-4.351499,5.731000,-0.301104,-0.043155,-0.416938,-38.537575,-38.721023,-23.350196
07008,,6.943928,-4.595507,5.380587,-0.275743,-0.053604,-0.407934,-38.560781,-38.890678,-23.562057
07009,,7.081265,-4.476571,5.274338,-0.171121,-0.071412,-0.409438,-38.537220,-39.062508,-23.760005
07010,,7.087424,-4.105133,5.266729,-0.106053,-0.069139,-0.399830,-38.468930,-39.236091,-23.961235
07011,,6.948602,-4.015435,4.992273,-0.048058,-0.045633,-0.408828,-38.365611,-39.397043,-24.172462
07012,,6.678783,-3.907666,4.732986,0.029516,-0.057051,-0.414782,-38.208522,-39.569896,-24.389769
07013,,6.505043,-3.640446,4.578717,0.108098,-0.089596,-0.423807,-38.020543,-39.756385,-24.592050
07014,,6.463696,-3.402570,4.609884,0.159480,-0.129032,-0.433595,-37.800243,-39.967283,-24.790087
07015,,6.647301,-3.420361,4.831334,0.194894,-0.172248,-0.437100,-37.578466,-40.195989,-24.965851
07016,,6.965031,-3.365408,4.967013,0.202589,-0.189282,-0.433116,-37.348033,-40.432921,-25.139535
07017,,7.159276,-3.181022,5.161574,0.191319,-0.190402,-0.417344,-37.137487,-40.663293,-25.299277
07018,,7.248143,-3.101558,5.234302,0.144005,-0.164160,-0.417994,-36.935766,-40.882518,-25.478790
07019,,7.220572,-3.359461,5.090534,0.097834,-0.151600,-0.402181,-36.769428,-41.090497,-25.650915
07020,,7.296828,-3.561254,5.145080,0.119709,-0.158197,-0.390411,-36.587997,-41.296686,-25.819257
07021,,7.343800,-3.616281,5.052413,0.158698,-0.165956,-0.372066,-36.400053,-41.501491,-25.969731
07022,,7.440394,-3.525473,5.156869,0.201815,-0.169256,-0.348779,-36.189167,-41.697812,-26.110246
07023,,7.500418,-3.322032,5.322083,0.236088,-0.170815,-0.326438,-35.974196,-41.889901,-26.233519
07024,,7.455599,-2.800192,4.993217,0.240206,-0.176511,-0.307658,-35.758115,-42.074996,-26.347884
07025,,7.892185,-1.100170,6.594050,-0.060792,-0.126138,-0.232932,-35.736308,-42.215863,-26.435601
07026,,7.676394,-1.189125,7.010948,-0.690978,-0.036538,-0.169565,-36.068642,-42.289657,-26.527247
07027,,7.685477,-3.896248,5.104241,-0.933451,-0.015732,-0.079886,-36.574788,-42.329810,-26.570847
07028,,7.612928,-5.120702,5.303063,-0.766184,0.028113,-0.055553,-36.978540,-42.335859,-26.620300
07029,,7.513162,-5.660898,5.522003,-0.480062,0.018601,0.030170,-37.260723,-42.323523,-26.611218
07030,,7.664492,-5.676853,5.250491,-0.110651,0.013667,0.050663,-37.337600,-42.299619,-26.588332
07031,,7.885959,-5.357082,5.103736,0.260341,0.027563,0.101319,-37.223324,-42.258673,-26.538999
07032,,8.093572,-4.585055,4.954019,0.517206,0.041908,0.174892,-36.983149,-42.178993,-26.452567
07033,,8.085526,-3.514791,5.343820,0.586716,0.077093,0.248022,-36.728227,-42.066068,-26.334851
07034,,8.392913,-2.816789,5.707942,0.455391,0.115744,0.328520,-36.564402,-41.900430,-26.186850
07035,,8.818273,-2.509691,5.819316,0.208473,0.187741,0.416077,-36.560369,-41.681212,-26.016736
07036,,8.945964,-2.538129,5.716018,-0.082555,0.253270,0.519001,-36.739114,-41.387215,-25.815645
07037,,8.927994,-2.844743,5.523099,-0.332213,0.309295,0.618896,-37.084719,-41.043894,-25.582353
07038,,8.876737,-3.166175,5.197227,-0.501092,0.333397,0.712875,-37.549421,-40.644327,-25.307927
07039,,8.833869,-3.229942,4.928442,-0.617763,0.342191,0.806441,-38.111263,-40.219653,-24.989537
07040,,8.680964,-3.174797,4.617745,-0.726233,0.322944,0.890280,-38.762944,-39.757629,-24.620054
07041,,8.469321,-3.200070,4.328361,-0.822309,0.293759,0.967743,-39.500486,-39.293118,-24.203904
07042,,8.145005,-3.401901,3.861448,-0.888987,0.230714,1.014360,-40.299796,-38.818979,-23.740780
07043,,7.866534,-3.852420,3.344862,-0.911589,0.129370,1.061792,-41.150957,-38.384312,-23.216837
07044,,7.812953,-4.694323,2.939524,-0.789931,0.007520,1.071115,-41.959460,-37.974136,-22.638088
07045,,7.875110,-5.204800,2.890532,-0.515962,-0.117174,1.057246,-42.638585,-37.636714,-22.017579
07046,,7.979716,-5.191033,3.137357,-0.183243,-0.232464,1.021315,-43.138998,-37.336255,-21.364841
07047,,8.218233,-4.734040,3.483871,0.129134,-0.319772,0.960962,-43.467807,-37.114478,-20.706832
07048,,8.378596,-4.243182,3.762413,0.362893,-0.375411,0.887742,-43.646692,-36.920124,-20.061364
07049,,8.293727,-3.921499,3.914899,0.542479,-0.414085,0.812049,-43.715087,-36.795119,-19.438855
07050,,8.031423,-3.718587,3.942284,0.651663,-0.453868,0.729488,-43.698580,-36.694609,-18.839363
07051,,7.526885,-3.612628,3.934178,0.699169,-0.503576,0.646632,-43.650779,-36.674466,-18.259698
07052,,7.005597,-3.620436,3.956460,0.704160,-0.590809,0.555442,-43.590119,-36.700320,-17.682997
07053,,6.756860,-3.680346,3.888647,0.676346,-0.698053,0.461396,-43.556981,-36.836576,-17.102726
07054,,6.477112,-3.705573,3.877955,0.632813,-0.804867,0.363728,-43.543955,-37.027615,-16.518106
07055,,6.147843,-3.871388,3.936047,0.584660,-0.920793,0.254249,-43.570776,-37.339448,-15.932058
07056,,6.121185,-4.015382,4.013398,0.557981,-1.047485,0.140607,-43.610934,-37.719037,-15.338522
07057,,6.207933,-4.231065,4.172913,0.569779,-1.143318,0.011353,-43.647672,-38.219217,-14.761517
07058,,6.285307,-4.387528,4.379768,0.621386,-1.230661,-0.121755,-43.635707,-38.778134,-14.206107
07059,,6.281491,-4.352999,4.657321,0.673560,-1.288800,-0.261579,-43.583314,-39.447014,-13.691257
07060,,6.174779,-4.403149,4.625064,0.719455,-1.330024,-0.401423,-43.466539,-40.158495,-13.227150
07061,,6.020999,-4.403284,4.606004,0.770244,-1.362205,-0.532639,-43.302557,-40.966185,-12.814532
07062,,5.845500,-4.370382,4.697719,0.799126,-1.385213,-0.652766,-43.080121,-41.801399,-12.455947
07063,,5.840186,-4.311215,4.769513,0.781459,-1.407059,-0.771709,-42.846482,-42.723162,-12.151199
07064,,5.939055,-4.346008,4.690254,0.712821,-1.438066,-0.879976,-42.612249,-43.671145,-11.894387
07065,,6.039328,-4.459150,4.539579,0.609503,-1.483896,-0.975798,-42.430317,-44.705501,-11.667459
07066,,6.234144,-4.561733,4.586762,0.529620,-1.512503,-1.082894,-42.249856,-45.764616,-11.492007
07067,,6.373906,-4.611659,4.769024,0.462952,-1.530595,-1.186749,-42.083259,-46.900253,-11.368223
07068,,6.512629,-4.455940,4.849901,0.370011,-1.549354,-1.283384,-41.919914,-48.052686,-11.300088
07069,,6.599209,-4.273017,4.876595,0.252895,-1.568416,-1.365556,-41.804711,-49.272413,-11.272417
07070,,6.737626,-4.123245,4.839845,0.105762,-1.582594,-1.439123,-41.727674,-50.498714,-11.291908
07071,,6.943880,-4.067648,4.873785,-0.038952,-1.588616,-1.503255,-41.714457,-51.778745,-11.348469
07072,,7.165070,-4.022022,4.807094,-0.179209,-1.590561,-1.554609,-41.737977,-53.052530,-11.446456
07073,,7.454113,-4.050052,4.825073,-0.299372,-1.583423,-1.606027,-41.808550,-54.368711,-11.581615
07074,,7.861885,-4.010899,4.952422,-0.404336,-1.569116,-1.657313,-41.882731,-55.672767,-11.772008
07075,,8.549074,-4.008911,5.103235,-0.502148,-1.538688,-1.708459,-41.971817,-57.008383,-12.019515
07076,,9.164099,-3.927866,5.086009,-0.612201,-1.475427,-1.760906,-42.027860,-58.312596,-12.366606
07077,,9.437231,-3.805090,4.914160,-0.754022,-1.383530,-1.797284,-42.080541,-59.621267,-12.668137
07078,,9.383070,-3.682579,4.698914,-0.918827,-1.285890,-1.831156,-42.104903,-60.872247,-13.244764
07079,,9.153416,-3.544317,4.445264,-1.105078,-1.213044,-1.854887,-42.153316,-62.129572,-13.797280
07080,,9.045188,-3.359916,4.261521,-1.312713,-1.167728,-1.878331,-42.225696,-63.349091,-14.560297
07081,,9.074099,-3.206415,4.115076,-1.516008,-1.129459,-1.893210,-42.349993,-64.585327,-15.297654
07082,,9.253522,-3.143994,3.988724,-1.717601,-1.106270,-1.914033,-42.503578,-65.794150,-16.211004
07083,,9.501521,-3.072468,3.873771,-1.899196,-1.083587,-1.921929,-42.703586,-67.022960,-17.107092
07084,,9.674308,-3.173073,3.839399,-2.060222,-1.042915,-1.933097,-42.891543,-68.215082,-18.178810
07085,,9.792989,-3.300165,3.849916,-2.181360,-0.999228,-1.944453,-43.048193,-69.418268,-19.295433
07086,,9.904080,-3.488711,3.850350,-2.252559,-0.954472,-1.958277,-43.108122,-70.585280,-20.603522
07087,,10.018735,-3.588803,3.907523,-2.284910,-0.896919,-1.969083,-43.030440,-71.753794,-22.033944
07088,,10.208608,-3.735673,3.920372,-2.284193,-0.825075,-1.972614,-42.745718,-72.870667,-23.704921
07089,,10.283219,-3.973862,3.877032,-2.252373,-0.753137,-1.962375,-42.228001,-73.968536,-25.569955
07090,,10.460869,-4.209273,3.748562,-2.154875,-0.681677,-1.949222,-41.395443,-75.005604,-27.713768
07091,,10.568232,-4.355111,3.646620,-2.016005,-0.583846,-1.916791,-40.174179,-75.993938,-30.154281
07092,,10.610798,-4.447961,3.567695,-1.844092,-0.504737,-1.871721,-38.544490,-76.899092,-32.915959
07093,,10.707891,-4.468636,3.519286,-1.648519,-0.431228,-1.813583,-36.485338,-77.742497,-35.988283
07094,,10.814256,-4.452073,3.503212,-1.455236,-0.358380,-1.746029,-33.990527,-78.488851,-39.388252
07095,,10.860161,-4.486274,3.472299,-1.260298,-0.280034,-1.656330,-31.092109,-79.145981,-43.079934
07096,,10.837256,-4.414593,3.590652,-1.063581,-0.208758,-1.556126,-27.850898,-79.690063,-46.995639
07097,,10.961189,-4.049586,3.643146,-0.916605,-0.136383,-1.441693,-24.391643,-80.132418,-51.043174
07098,,10.988978,-3.533890,3.702698,-0.882691,-0.050741,-1.306603,-20.912930,-80.448562,-55.084065
07099,,10.987299,-3.095092,3.684404,-0.945037,0.026331,-1.158849,-17.651780,-80.659460,-58.938978
07100,,10.953593,-2.949559,3.496913,-1.058679,0.108917,-1.001757,-14.769783,-80.760422,-62.472487
07101,,10.699171,-3.110780,3.096807,-1.143443,0.172877,-0.842433,-12.394574,-80.781326,-65.542209
07102,,10.514794,-3.394973,2.790769,-1.155783,0.214730,-0.698707,-10.481845,-80.740573,-68.149590
07103,,10.425064,-3.694205,2.643042,-1.087430,0.238437,-0.562969,-9.032836,-80.663064,-70.248628
07104,,10.310959,-3.782306,2.659387,-0.984334,0.264483,-0.425138,-7.992556,-80.549603,-71.873300
07105,,10.316548,-3.732287,2.698890,-0.896222,0.293500,-0.292940,-7.405065,-80.406836,-72.988921
07106,,10.228472,-3.690953,2.663394,-0.825368,0.323728,-0.147681,-7.235265,-80.233959,-73.639515
07107,,10.076280,-3.691035,2.591890,-0.766383,0.361635,-0.007563,-7.534778,-80.029378,-73.780367
07108,,9.932143,-3.634233,2.573277,-0.709269,0.392356,0.126387,-8.160299,-79.797115,-73.556402
07109,,9.922463,-3.463586,2.566981,-0.671047,0.415933,0.254856,-9.189001,-79.538678,-72.900708
07110,,9.931592,-3.275758,2.545744,-0.647637,0.445819,0.377093,-10.453443,-79.250496,-71.990430
07111,,10.044186,-3.030004,2.456703,-0.652094,0.468981,0.488416,-12.036578,-78.930176,-70.757836
07112,,9.961679,-2.896929,2.419398,-0.666553,0.504273,0.602186,-13.774818,-78.571912,-69.373565
07113,,9.879450,-2.808559,2.337367,-0.687432,0.519641,0.699276,-15.744221,-78.178269,-67.764328
07114,,9.820463,-2.754851,2.216168,-0.701134,0.531608,0.789113,-17.756023,-77.756805,-66.116715
07115,,9.819518,-2.682564,2.141456,-0.707067,0.525434,0.863571,-19.901331,-77.307019,-64.333953
07116,,9.913788,-2.610957,2.103712,-0.701984,0.527681,0.933727,-22.000508,-76.833967,-62.591480
07117,,9.906420,-2.549543,2.055979,-0.699556,0.528545,0.994358,-24.160490,-76.325464,-60.782613
07118,,9.805835,-2.562616,2.030969,-0.685059,0.522441,1.045145,-26.215641,-75.800416,-59.068184
07119,,9.828684,-2.525782,1.997216,-0.667041,0.508962,1.085315,-28.279327,-75.248628,-57.331501
07120,,9.773867,-2.531085,1.988532,-0.635494,0.501223,1.126707,-30.211381,-74.683430,-55.706631
07121,,9.714651,-2.526889,2.056574,-0.589115,0.490800,1.147532,-32.095570,-74.093705,-54.100976
07122,,9.684764,-2.560216,2.006888,-0.534374,0.470115,1.159119,-33.809452,-73.507270,-52.633701
07123,,9.638064,-2.510991,2.023258,-0.478061,0.456691,1.166189,-35.461839,-72.902342,-51.194335
07124,,9.483214,-2.484335,1.995655,-0.409039,0.434801,1.164906,-36.940076,-72.308000,-49.889476
07125,,9.379500,-2.466821,1.988400,-0.330883,0.406439,1.150181,-38.344523,-71.710546,-48.612989
07126,,9.247186,-2.477969,1.942638,-0.240364,0.372393,1.126969,-39.571965,-71.139574,-47.461997
07127,,9.143056,-2.470184,1.958714,-0.139010,0.338691,1.091291,-40.710717,-70.577053,-46.342029
07128,,9.057191,-2.473869,2.008313,-0.031208,0.296536,1.059808,-41.687975,-70.050202,-45.321704
07129,,9.018570,-2.462883,2.075310,0.078589,0.258294,1.002545,-42.570172,-69.543702,-44.335069
07130,,9.002332,-2.448567,2.096986,0.179744,0.227347,0.954357,-43.287848,-69.076866,-43.456432
07131,,8.978234,-2.369305,2.187471,0.263510,0.192328,0.891960,-43.933602,-68.632955,-42.603765
07132,,8.941063,-2.271184,2.187229,0.329738,0.165239,0.830770,-44.436984,-68.234268,-41.857936
07133,,8.923913,-2.208671,2.223542,0.377823,0.139103,0.763900,-44.887764,-67.858303,-41.140239
07134,,8.917286,-2.149614,2.181740,0.417086,0.115625,0.695597,-45.216659,-67.530381,-40.525035
07135,,8.873315,-2.105187,2.176334,0.448005,0.092321,0.626612,-45.506602,-67.226360,-39.934683
07136,,8.930336,-2.022460,2.180791,0.461869,0.066410,0.551651,-45.697093,-66.974840,-39.439215
07137,,8.913839,-2.018731,2.134115,0.480486,0.051117,0.479701,-45.850826,-66.746495,-38.974581
07138,,8.758310,-2.010811,2.104546,0.494429,0.029847,0.410921,-45.914914,-66.566474,-38.594831
07139,,8.708397,-2.028631,2.150890,0.504974,0.006045,0.341193,-45.959828,-66.413812,-38.222479
07140,,8.712816,-2.071823,2.142790,0.521107,-0.021990,0.270518,-45.924334,-66.312072,-37.933903
07141,,8.766681,-2.094235,2.205665,0.536855,-0.047591,0.199238,-45.868177,-66.239981,-37.649390
07142,,8.940667,-2.087919,2.234197,0.554518,-0.069487,0.128754,-45.728191,-66.215709,-37.453784
07143,,9.094120,-2.077711,2.251771,0.564801,-0.080472,0.062100,-45.560984,-66.213932,-37.274294
07144,,9.085513,-2.063955,2.278232,0.572179,-0.081120,0.008017,-45.311836,-66.244099,-37.186919
07145,,9.084215,-2.036149,2.224069,0.569626,-0.086913,-0.048890,-45.045020,-66.291562,-37.107147
07146,,9.145859,-2.028928,2.282384,0.556853,-0.092481,-0.095664,-44.718858,-66.368578,-37.113521
07147,,9.083124,-2.013773,2.256703,0.536087,-0.099418,-0.134696,-44.401027,-66.456179,-37.116562
07148,,9.034717,-2.012511,2.266715,0.513319,-0.102563,-0.175070,-44.031965,-66.569007,-37.196905
07149,,8.990496,-1.996409,2.328793,0.484901,-0.116419,-0.209224,-43.683998,-66.694265,-37.256227
07150,,9.087613,-2.060877,2.332708,0.461476,-0.132206,-0.245446,-43.299522,-66.846735,-37.385515
07151,,9.176539,-2.117423,2.357460,0.447321,-0.142733,-0.275978,-42.926251,-67.008926,-37.500557
07152,,9.280588,-2.186471,2.418424,0.437391,-0.147129,-0.306566,-42.501632,-67.190710,-37.688092
07153,,9.241792,-2.266059,2.447223,0.439506,-0.145351,-0.333318,-42.068995,-67.375611,-37.875907
07154,,9.167929,-2.331237,2.430931,0.437735,-0.152522,-0.359245,-41.584959,-67.578658,-38.127044
07155,,9.110641,-2.334363,2.353363,0.447841,-0.156575,-0.375479,-41.102191,-67.783471,-38.361513
07156,,9.133420,-2.392639,2.432405,0.456994,-0.166644,-0.396585,-40.566850,-68.004918,-38.655373
07157,,9.039696,-2.372346,2.442778,0.465535,-0.164490,-0.413821,-40.024908,-68.226030,-38.938923
07158,,9.039291,-2.382983,2.501421,0.469285,-0.169261,-0.425912,-39.435525,-68.457184,-39.282439
07159,,9.013821,-2.410688,2.498754,0.467407,-0.174895,-0.436578,-38.858714,-68.688519,-39.608987
07160,,9.097538,-2.370925,2.527118,0.457457,-0.163774,-0.435243,-38.240446,-68.917870,-39.989678
07161,,9.106198,-2.361462,2.557788,0.436513,-0.165068,-0.433593,-37.655718,-69.141170,-40.341771
07162,,9.092436,-2.357033,2.579972,0.403496,-0.150786,-0.429605,-37.042278,-69.359698,-40.749232
07163,,9.241304,-2.343761,2.588120,0.372047,-0.146753,-0.416533,-36.478658,-69.565854,-41.119587
07164,,9.378982,-2.364926,2.572384,0.333739,-0.136751,-0.402309,-35.906148,-69.765684,-41.524926
07165,,9.456303,-2.369980,2.635499,0.293481,-0.125619,-0.383157,-35.392561,-69.948047,-41.892145
07166,,9.558899,-2.370983,2.626428,0.255857,-0.110448,-0.356405,-34.882371,-70.117773,-42.277713
07167,,9.626782,-2.438353,2.674590,0.221325,-0.091800,-0.325232,-34.440201,-70.263377,-42.606578
07168,,9.639066,-2.426540,2.678413,0.192392,-0.081179,-0.287063,-34.018523,-70.394768,-42.936057
07169,,9.697402,-2.432129,2.706958,0.163354,-0.058315,-0.247882,-33.673203,-70.498006,-43.197139
07170,,9.690754,-2.441520,2.763550,0.130083,-0.044692,-0.196689,-33.368558,-70.581978,-43.439936
07171,,9.653858,-2.455247,2.753791,0.109207,-0.024814,-0.145099,-33.159768,-70.635414,-43.595748
07172,,9.645020,-2.412537,2.769001,0.083499,-0.009873,-0.086613,-32.998081,-70.667606,-43.715162
07173,,9.663318,-2.353628,2.763969,0.050074,0.002961,-0.027649,-32.958244,-70.671024,-43.721284
07174,,9.637806,-2.334981,2.750437,0.017899,0.022281,0.030789,-32.966196,-70.651065,-43.700752
07175,,9.531235,-2.309779,2.727452,-0.018807,0.037730,0.088640,-33.094389,-70.601126,-43.574502
07176,,9.521405,-2.314728,2.671126,-0.050276,0.037822,0.129896,-33.262070,-70.542599,-43.426014
07177,,9.446439,-2.346987,2.729982,-0.079847,0.053189,0.168978,-33.518583,-70.459686,-43.199095
07178,,9.440364,-2.367108,2.733624,-0.089653,0.066234,0.208135,-33.785773,-70.362346,-42.968796
07179,,9.404758,-2.388739,2.670558,-0.103460,0.075350,0.226007,-34.107550,-70.249869,-42.686116
07180,,9.281030,-2.352893,2.663963,-0.116155,0.084656,0.245481,-34.417063,-70.130927,-42.426664
07181,,9.288748,-2.265526,2.700907,-0.140001,0.096156,0.259963,-34.778681,-69.996417,-42.124167
07182,,9.230372,-2.155477,2.757798,-0.185697,0.102555,0.269744,-35.135760,-69.860032,-41.856073
07183,,9.234665,-2.088807,2.742926,-0.239286,0.107627,0.277621,-35.557410,-69.712994,-41.549856
07184,,9.203488,-2.126750,2.738479,-0.290034,0.100481,0.284720,-35.985849,-69.571248,-41.268927
07185,,9.290312,-2.164364,2.700925,-0.336065,0.095035,0.281032,-36.467885,-69.427596,-40.953319
07186,,9.374214,-2.267105,2.704547,-0.365094,0.089248,0.273259,-36.925582,-69.293361,-40.686573
07187,,9.413294,-2.378858,2.689198,-0.366789,0.073856,0.263861,-37.413521,-69.163588,-40.384845
07188,,9.452960,-2.551530,2.633333,-0.342345,0.060706,0.252146,-37.850192,-69.048158,-40.126214
07189,,9.486695,-2.589582,2.594894,-0.294813,0.040524,0.236317,-38.286718,-68.941590,-39.835262
07190,,9.627935,-2.706766,2.595038,-0.225590,0.018910,0.217797,-38.648224,-68.855805,-39.585145
07191,,9.678221,-2.690144,2.632064,-0.148549,-0.002612,0.193405,-38.985806,-68.782653,-39.310227
07192,,9.793407,-2.672347,2.643161,-0.065491,-0.017734,0.177521,-39.239402,-68.726692,-39.077235
07193,,9.756074,-2.603142,2.686214,0.008323,-0.028459,0.161227,-39.471556,-68.675843,-38.818777
07194,,9.665345,-2.533503,2.734315,0.068174,-0.043589,0.153832,-39.643770,-68.639278,-38.590791
07195,,9.474409,-2.448241,2.763671,0.115700,-0.045570,0.142618,-39.807519,-68.602451,-38.336661
07196,,9.225241,-2.427912,2.839770,0.167956,-0.057544,0.145119,-39.924649,-68.574764,-38.106336
07197,,8.922725,-2.358253,2.827160,0.226068,-0.063448,0.155741,-40.055109,-68.540489,-37.820511
07198,,8.586969,-2.397110,2.883864,0.286789,-0.072672,0.172409,-40.147797,-68.509001,-37.543194
07199,,8.262886,-2.400764,2.965505,0.367008,-0.088923,0.187342,-40.254776,-68.473854,-37.192592
07200,,8.122295,-2.429740,2.996993,0.456077,-0.109410,0.190341,-40.303788,-68.451453,-36.857842
07201,,8.074938,-2.400435,3.109189,0.552715,-0.115467,0.191267,-40.332030,-68.425680,-36.479304
07202,,8.063442,-2.281526,3.159516,0.632076,-0.113832,0.179312,-40.271466,-68.409236,-36.153853
07203,,8.097977,-2.150728,3.226736,0.687250,-0.113395,0.160809,-40.185619,-68.393644,-35.814037
07204,,8.246688,-2.036255,3.209903,0.715228,-0.100190,0.137659,-40.018384,-68.386997,-35.552021
07205,,8.443725,-1.957955,3.224292,0.722556,-0.088440,0.105610,-39.826685,-68.380929,-35.305437
07206,,8.780211,-1.854164,3.206625,0.701342,-0.074982,0.070294,-39.569259,-68.388490,-35.148990
07207,,9.247940,-1.828792,3.157337,0.665893,-0.070349,0.023038,-39.300010,-68.405041,-35.020932
07208,,9.857348,-1.868172,3.188353,0.619569,-0.055061,-0.029739,-38.958922,-68.440474,-35.004881
07209,,10.463348,-1.834153,3.195290,0.561851,-0.039556,-0.087473,-38.594755,-68.483573,-35.042666
07210,,10.905312,-1.776160,3.210511,0.476709,-0.007084,-0.146679,-38.157672,-68.539114,-35.217764
07211,,11.146343,-1.711259,3.197717,0.379239,0.033419,-0.191906,-37.709357,-68.586000,-35.460825
07212,,11.122549,-1.723578,3.158802,0.267836,0.075878,-0.234407,-37.213248,-68.633339,-35.827734
07213,,10.905008,-1.672952,3.185573,0.143482,0.115814,-0.262469,-36.740500,-68.665807,-36.242834
07214,,10.540350,-1.581589,3.080074,-0.004634,0.152855,-0.262727,-36.296795,-68.685137,-36.720916
07215,,10.042382,-1.571279,2.942544,-0.161845,0.176673,-0.239597,-35.970468,-68.679876,-37.168636
07216,,9.596909,-1.675117,2.862183,-0.297081,0.202392,-0.202111,-35.723526,-68.653810,-37.615400
07217,,9.191116,-1.926712,2.676067,-0.381938,0.206845,-0.154195,-35.599616,-68.605162,-37.980169
07218,,8.853334,-2.169841,2.510802,-0.407797,0.214209,-0.111471,-35.516095,-68.542559,-38.319815
07219,,8.574288,-2.330614,2.422978,-0.396915,0.199757,-0.076223,-35.501693,-68.470952,-38.579685
07220,,8.444162,-2.346373,2.350522,-0.371610,0.189892,-0.045534,-35.498168,-68.397617,-38.811352
07221,,8.375058,-2.452329,2.305191,-0.338742,0.180857,-0.035023,-35.517039,-68.321473,-38.996005
07222,,8.364002,-2.536791,2.306292,-0.294883,0.174349,-0.041765,-35.488580,-68.254130,-39.207434
07223,,8.371056,-2.545292,2.292095,-0.247955,0.163294,-0.064982,-35.437217,-68.195972,-39.414513
07224,,8.386944,-2.469982,2.284405,-0.215863,0.152486,-0.100569,-35.314491,-68.158166,-39.678885
07225,,8.426637,-2.450177,2.249413,-0.199856,0.136989,-0.140059,-35.171784,-68.136797,-39.956413
07226,,8.557696,-2.471497,2.212331,-0.198286,0.119092,-0.191189,-34.961458,-68.143942,-40.304398
